# Prompt token lengths (one per line)
477
477
477
477
477
477
477
477
568
568
568
568
568
568
568
568
535
535
535
535
535
535
535
535
712
712
712
712
712
712
712
712
467
467
467
467
467
467
467
467
724
724
724
724
724
724
724
724
535
535
535
535
535
535
535
535
712
712
712
712
712
712
712
712
494
494
494
494
494
494
494
494
676
676
676
676
676
676
676
676
537
537
537
537
537
537
537
537
689
689
689
689
689
689
689
689
473
473
473
473
473
473
473
473
698
698
698
698
698
698
698
698
535
535
535
535
535
535
535
535
689
689
689
689
689
689
689
689
463
463
463
463
463
463
463
463
568
568
568
568
568
568
568
568
512
512
512
512
512
512
512
512
712
712
712
712
712
712
712
712
459
459
459
459
459
459
459
459
568
568
568
568
568
568
568
568
512
512
512
512
512
512
512
512
735
735
735
735
735
735
735
735
481
481
481
481
481
481
481
481
612
612
612
612
612
612
612
612
535
535
535
535
535
535
535
535
689
689
689
689
689
689
689
689
479
479
479
479
479
479
479
479
612
612
612
612
612
612
612
612
512
512
512
512
512
512
512
512
735
735
735
735
735
735
735
735
463
463
463
463
463
463
463
463
724
724
724
724
724
724
724
724
512
512
512
512
512
512
512
512
715
715
715
715
715
715
715
715
481
481
481
481
481
481
481
481
676
676
676
676
676
676
676
676
555
555
555
555
555
555
555
555
689
689
689
689
689
689
689
689
459
459
459
459
459
459
459
459
542
542
542
542
542
542
542
542
521
521
521
521
521
521
521
521
692
692
692
692
692
692
692
692
471
471
471
471
471
471
471
471
762
762
762
762
762
762
762
762
535
535
535
535
535
535
535
535
732
732
732
732
732
732
732
732
463
463
463
463
463
463
463
463
638
638
638
638
638
638
638
638
537
537
537
537
537
537
537
537
712
712
712
712
712
712
712
712
471
471
471
471
471
471
471
471
560
560
560
560
560
560
560
560
537
537
537
537
537
537
537
537
735
735
735
735
735
735
735
735
469
469
469
469
469
469
469
469
568
568
568
568
568
568
568
568
512
512
512
512
512
512
512
512
732
732
732
732
732
732
732
732
495
495
495
495
495
495
495
495
724
724
724
724
724
724
724
724
512
512
512
512
512
512
512
512
712
712
712
712
712
712
712
712
