# Prompt token lengths (one per line)
567
567
567
567
593
593
593
593
595
595
595
595
611
611
611
611
571
571
571
571
573
573
573
573
611
611
611
611
587
587
587
587
607
607
607
607
617
617
617
617
609
609
609
609
577
577
577
577
591
591
591
591
585
585
585
585
567
567
567
567
581
581
581
581
571
571
571
571
617
617
617
617
595
595
595
595
577
577
577
577
605
605
605
605
583
583
583
583
587
587
587
587
601
601
601
601
593
593
593
593
611
611
611
611
577
577
577
577
577
577
577
577
573
573
573
573
583
583
583
583
